x <- 10
y <- 77
x+y
